#SAMPLENAME: set2_c1-1
#STATION: ID1A3
#EXPTYPE: wbmapscan

20220129 191622 1643501782 1 11.0277 25.0021 -353.42 0 0 0 1.34277e-06 240 3.12852e+07 1.53827e+07 1.43258e+08 4.3797e+06 1.34354e+06 2.26239e+07 1
20220129 192025 1643502025 2 11.0277 24.5391 -353.42 0 0 0 1.34277e-06 240 3.12551e+07 1.53336e+07 1.43254e+08 4.25606e+06 1.3176e+06 2.25298e+07 1
20220129 192427 1643502267 3 11.0277 24.0765 -353.42 0 0 0 1.34277e-06 240 3.12417e+07 1.52853e+07 1.43255e+08 4.21074e+06 1.30778e+06 2.24365e+07 1
20220129 192829 1643502509 4 11.0277 23.6135 -353.42 0 0 0 1.34277e-06 240 3.11681e+07 1.52529e+07 1.43255e+08 4.19946e+06 1.30381e+06 2.23439e+07 1
20220129 193232 1643502752 5 11.0277 23.1508 -353.42 0 0 0 1.34277e-06 240 3.11331e+07 1.52118e+07 1.43248e+08 4.21856e+06 1.30384e+06 2.22449e+07 1
20220129 193634 1643502994 6 11.0277 22.6878 -353.42 0 0 0 1.34277e-06 240 3.10564e+07 1.51777e+07 1.4325e+08 4.21912e+06 1.30413e+06 2.21539e+07 1
20220129 194037 1643503237 7 11.0277 22.2251 -353.42 0 0 0 1.34277e-06 240 3.09894e+07 1.51383e+07 1.43249e+08 4.22135e+06 1.30475e+06 2.20643e+07 1
20220129 194439 1643503479 8 11.0277 21.7621 -353.42 0 0 0 1.34277e-06 240 3.092e+07 1.50975e+07 1.43249e+08 4.22096e+06 1.30403e+06 2.19744e+07 1
20220129 194842 1643503722 9 11.0277 21.2994 -353.42 0 0 0 1.34277e-06 240 3.0889e+07 1.50647e+07 1.43249e+08 4.21581e+06 1.3012e+06 2.1886e+07 1
20220129 195244 1643503964 10 11.0277 20.8364 -353.42 0 0 0 1.34277e-06 240 3.08328e+07 1.50282e+07 1.43245e+08 4.20866e+06 1.29989e+06 2.17984e+07 1
20220129 195646 1643504206 11 11.0277 20.3737 -353.42 0 0 0 1.34277e-06 240 3.07744e+07 1.49903e+07 1.43243e+08 4.20244e+06 1.2987e+06 2.17105e+07 1
20220129 200049 1643504449 12 11.0277 19.9108 -353.42 0 0 0 1.34277e-06 240 3.07308e+07 1.49599e+07 1.43243e+08 4.19377e+06 1.29753e+06 2.16249e+07 1
20220129 200451 1643504691 13 11.0277 19.4481 -353.42 0 0 0 1.34277e-06 240 3.06846e+07 1.49132e+07 1.43261e+08 4.18504e+06 1.2949e+06 2.15379e+07 1
20220129 200855 1643504935 14 11.0277 25.0021 -352.42 0 0 0 1.34277e-06 240 3.06399e+07 1.48834e+07 1.4326e+08 4.17676e+06 1.29229e+06 2.14518e+07 1
20220129 201258 1643505178 15 11.0277 24.0765 -352.42 0 0 0 1.34277e-06 240 3.0552e+07 1.48449e+07 1.43263e+08 4.16354e+06 1.28824e+06 2.13674e+07 1
20220129 201701 1643505421 16 11.0277 23.1508 -352.42 0 0 0 1.34277e-06 240 3.04916e+07 1.48087e+07 1.43262e+08 4.15086e+06 1.28604e+06 2.12833e+07 1
20220129 202103 1643505663 17 11.0277 22.2251 -352.42 0 0 0 1.34277e-06 240 3.04159e+07 1.47719e+07 1.43264e+08 4.13742e+06 1.28415e+06 2.12014e+07 1
20220129 202506 1643505906 18 11.0277 21.2994 -352.42 0 0 0 1.34277e-06 240 3.03558e+07 1.47308e+07 1.43267e+08 4.12556e+06 1.28182e+06 2.11176e+07 1
20220129 202909 1643506149 19 11.0277 20.3737 -352.42 0 0 0 1.34277e-06 240 3.02964e+07 1.46964e+07 1.43265e+08 4.11291e+06 1.27871e+06 2.10358e+07 1
20220129 203311 1643506391 20 11.0277 19.4481 -352.42 0 0 0 1.34277e-06 240 3.02702e+07 1.46645e+07 1.43263e+08 4.10022e+06 1.27522e+06 2.09546e+07 1
20220129 203725 1643506645 21 11.0277 25.0021 -353.42 0 0 -45 -45 240 3.01594e+07 1.46346e+07 1.43262e+08 4.09268e+06 739071 2.08692e+07 1
20220129 204127 1643506887 22 11.0277 24.5391 -353.42 0 0 -45 -45 240 3.01033e+07 1.4598e+07 1.43257e+08 4.07508e+06 749725 2.07897e+07 1
20220129 204530 1643507130 23 11.0277 24.0765 -353.42 0 0 -45 -45 240 3.00609e+07 1.4566e+07 1.43259e+08 4.06069e+06 762161 2.07094e+07 1
20220129 204932 1643507372 24 11.0277 23.6135 -353.42 0 0 -45 -45 240 3.00196e+07 1.45313e+07 1.43259e+08 4.04599e+06 773759 2.06318e+07 1
20220129 205334 1643507614 25 11.0277 23.1508 -353.42 0 0 -45 -45 240 2.99181e+07 1.44938e+07 1.43253e+08 4.03077e+06 784758 2.05537e+07 1
20220129 205737 1643507857 26 11.0277 22.6878 -353.42 0 0 -45 -45 240 2.98531e+07 1.44588e+07 1.43203e+08 4.01861e+06 795098 2.04761e+07 1
20220129 210139 1643508099 27 11.0277 22.2251 -353.42 0 0 -45 -45 240 2.97759e+07 1.44267e+07 1.43134e+08 4.00651e+06 806494 2.03988e+07 1
20220129 210541 1643508341 28 11.0277 21.7621 -353.42 0 0 -45 -45 240 2.97449e+07 1.43951e+07 1.43109e+08 3.99318e+06 816776 2.03217e+07 1
20220129 210944 1643508584 29 11.0277 21.2994 -353.42 0 0 -45 -45 240 2.96576e+07 1.43619e+07 1.43135e+08 3.97709e+06 827362 2.02564e+07 1
20220129 211346 1643508826 30 11.0277 20.8364 -353.42 0 0 -45 -45 240 3.02179e+07 1.46045e+07 1.43201e+08 4.08867e+06 850938 2.10398e+07 1
20220129 211749 1643509069 31 11.0277 20.3737 -353.42 0 0 -45 -45 240 2.59534e+07 1.2598e+07 1.20861e+08 3.56852e+06 799828 1.85368e+07 0
20220129 222539 1643513139 32 11.0277 20.3737 -353.42 0 0 -45 -45 240 3.2278e+07 1.59469e+07 1.43255e+08 4.67153e+06 932295 2.39079e+07 1
20220129 222941 1643513381 33 11.0277 19.9108 -353.42 0 0 -45 -45 240 3.21944e+07 1.58532e+07 1.43248e+08 4.53398e+06 931852 2.38008e+07 1
20220129 223344 1643513624 34 11.0277 19.4481 -353.42 0 0 -45 -45 240 3.22309e+07 1.58731e+07 1.43244e+08 4.51202e+06 942358 2.38755e+07 1
20220129 223748 1643513868 35 11.0277 25.0021 -352.42 0 0 -45 -45 240 3.23106e+07 1.591e+07 1.43241e+08 4.53757e+06 779630 2.39678e+07 1
20220129 224150 1643514110 36 11.0277 24.0765 -352.42 0 0 -45 -45 240 3.222e+07 1.58588e+07 1.43239e+08 4.5332e+06 807781 2.38623e+07 1
20220129 224553 1643514353 37 11.0277 23.1508 -352.42 0 0 -45 -45 240 3.23118e+07 1.59078e+07 1.43239e+08 4.57903e+06 840834 2.40009e+07 1
20220129 224956 1643514596 38 11.0277 22.2251 -352.42 0 0 -45 -45 240 3.22428e+07 1.58878e+07 1.43239e+08 4.58369e+06 868652 2.39263e+07 1
20220129 225358 1643514838 39 11.0277 21.2994 -352.42 0 0 -45 -45 240 3.2205e+07 1.58686e+07 1.43238e+08 4.59382e+06 897166 2.39027e+07 1
20220129 225801 1643515081 40 11.0277 20.3737 -352.42 0 0 -45 -45 240 3.22691e+07 1.59114e+07 1.43246e+08 4.6291e+06 927872 2.39868e+07 1
20220129 230203 1643515323 41 11.0277 19.4481 -352.42 0 0 -45 -45 240 3.21813e+07 1.58681e+07 1.43241e+08 4.62271e+06 953101 2.38819e+07 1
20220129 230612 1643515572 42 11.0277 25.0021 -353.42 0 0 -22.5 -22.5 240 3.22239e+07 1.59013e+07 1.43248e+08 4.65392e+06 1.23523e+06 2.39687e+07 1
20220129 231014 1643515814 43 11.0277 24.5391 -353.42 0 0 -22.5 -22.5 240 3.22149e+07 1.58884e+07 1.43248e+08 4.65842e+06 1.23861e+06 2.39334e+07 1
20220129 231417 1643516057 44 11.0277 24.0765 -353.42 0 0 -22.5 -22.5 240 3.21668e+07 1.58457e+07 1.43249e+08 4.64462e+06 1.23825e+06 2.38488e+07 1
20220129 231819 1643516299 45 11.0277 23.6135 -353.42 0 0 -22.5 -22.5 240 3.22842e+07 1.5913e+07 1.43249e+08 4.68851e+06 1.24953e+06 2.40025e+07 1
20220129 232221 1643516541 46 11.0277 23.1508 -353.42 0 0 -22.5 -22.5 240 3.21851e+07 1.58762e+07 1.43248e+08 4.67307e+06 1.25042e+06 2.38976e+07 1
20220129 232624 1643516784 47 11.0277 22.6878 -353.42 0 0 -22.5 -22.5 240 3.21893e+07 1.58586e+07 1.43247e+08 4.67124e+06 1.25303e+06 2.38926e+07 1
20220129 233026 1643517026 48 11.0277 22.2251 -353.42 0 0 -22.5 -22.5 240 3.22166e+07 1.59064e+07 1.43251e+08 4.7014e+06 1.26448e+06 2.39682e+07 1
20220129 233429 1643517269 49 11.0277 21.7621 -353.42 0 0 -22.5 -22.5 240 3.21486e+07 1.58654e+07 1.43254e+08 4.68556e+06 1.26247e+06 2.38623e+07 1
20220129 233831 1643517511 50 11.0277 21.2994 -353.42 0 0 -22.5 -22.5 240 3.20749e+07 1.5816e+07 1.43252e+08 4.66303e+06 1.26094e+06 2.38736e+07 1
20220129 234234 1643517754 51 11.0277 20.8364 -353.42 0 0 -22.5 -22.5 240 3.22386e+07 1.59248e+07 1.43252e+08 4.72172e+06 1.27577e+06 2.40151e+07 1
20220129 234636 1643517996 52 11.0277 20.3737 -353.42 0 0 -22.5 -22.5 240 3.21451e+07 1.58789e+07 1.43251e+08 4.70364e+06 1.27608e+06 2.39085e+07 1
20220129 235038 1643518238 53 11.0277 19.9108 -353.42 0 0 -22.5 -22.5 240 3.21702e+07 1.59007e+07 1.43247e+08 4.71362e+06 1.28161e+06 2.39612e+07 1
20220129 235441 1643518481 54 11.0277 19.4481 -353.42 0 0 -22.5 -22.5 240 3.21637e+07 1.5894e+07 1.43245e+08 4.71699e+06 1.28456e+06 2.39514e+07 1
20220129 235845 1643518725 55 11.0277 25.0021 -352.42 0 0 -22.5 -22.5 240 3.2075e+07 1.58438e+07 1.43245e+08 4.69747e+06 1.23806e+06 2.38473e+07 1
20220130 000247 1643518967 56 11.0277 24.0765 -352.42 0 0 -22.5 -22.5 240 3.2168e+07 1.59109e+07 1.43248e+08 4.73513e+06 1.25263e+06 2.40165e+07 1
20220130 000650 1643519210 57 11.0277 23.1508 -352.42 0 0 -22.5 -22.5 240 3.20909e+07 1.58689e+07 1.43245e+08 4.71763e+06 1.25711e+06 2.39142e+07 1
20220130 001053 1643519453 58 11.0277 22.2251 -352.42 0 0 -22.5 -22.5 240 3.2088e+07 1.58675e+07 1.43244e+08 4.71855e+06 1.26562e+06 2.39235e+07 1
20220130 001455 1643519695 59 11.0277 21.2994 -352.42 0 0 -22.5 -22.5 240 3.20817e+07 1.59012e+07 1.43247e+08 4.73412e+06 1.27428e+06 2.39787e+07 1
20220130 001858 1643519938 60 11.0277 20.3737 -352.42 0 0 -22.5 -22.5 240 3.20256e+07 1.58565e+07 1.43247e+08 4.71488e+06 1.27807e+06 2.38734e+07 1
20220130 002301 1643520181 61 11.0277 19.4481 -352.42 0 0 -22.5 -22.5 240 3.21105e+07 1.59063e+07 1.43247e+08 4.73872e+06 1.28775e+06 2.4002e+07 1
20220130 002714 1643520434 62 11.0277 25.0021 -353.42 0 0 22.5 22.5 240 3.20547e+07 1.58818e+07 1.43246e+08 4.73678e+06 1.23784e+06 2.39281e+07 1
20220130 003116 1643520676 63 11.0277 24.5391 -353.42 0 0 22.5 22.5 240 3.20123e+07 1.5868e+07 1.43245e+08 4.72818e+06 1.24196e+06 2.39128e+07 1
20220130 003519 1643520919 64 11.0277 24.0765 -353.42 0 0 22.5 22.5 240 3.20667e+07 1.59049e+07 1.43247e+08 4.74394e+06 1.24924e+06 2.39854e+07 1
20220130 003921 1643521161 65 11.0277 23.6135 -353.42 0 0 22.5 22.5 240 3.19777e+07 1.58642e+07 1.43249e+08 4.72268e+06 1.25033e+06 2.38798e+07 1
20220130 004324 1643521404 66 11.0277 23.1508 -353.42 0 0 22.5 22.5 240 3.20514e+07 1.58865e+07 1.43248e+08 4.73893e+06 1.25584e+06 2.39756e+07 1
20220130 004726 1643521646 67 11.0277 22.6878 -353.42 0 0 22.5 22.5 240 3.19832e+07 1.58758e+07 1.43249e+08 4.73283e+06 1.25785e+06 2.39313e+07 1
20220130 005128 1643521888 68 11.0277 22.2251 -353.42 0 0 22.5 22.5 240 3.19203e+07 1.58439e+07 1.43251e+08 4.71513e+06 1.25927e+06 2.38686e+07 1
20220130 005531 1643522131 69 11.0277 21.7621 -353.42 0 0 22.5 22.5 240 3.19987e+07 1.59042e+07 1.43251e+08 4.74706e+06 1.2688e+06 2.39921e+07 1
20220130 005933 1643522373 70 11.0277 21.2994 -353.42 0 0 22.5 22.5 240 3.19184e+07 1.58602e+07 1.43253e+08 4.72568e+06 1.2694e+06 2.38864e+07 1
20220130 010336 1643522616 71 11.0277 20.8364 -353.42 0 0 22.5 22.5 240 3.1917e+07 1.58856e+07 1.43255e+08 4.73868e+06 1.27524e+06 2.3943e+07 1
20220130 010738 1643522858 72 11.0277 20.3737 -353.42 0 0 22.5 22.5 240 3.19483e+07 1.5874e+07 1.43253e+08 4.742e+06 1.27682e+06 2.39607e+07 1
20220130 011141 1643523101 73 11.0277 19.9108 -353.42 0 0 22.5 22.5 240 3.18462e+07 1.58442e+07 1.43253e+08 4.72012e+06 1.27707e+06 2.3858e+07 1
20220130 011543 1643523343 74 11.0277 19.4481 -353.42 0 0 22.5 22.5 240 3.19694e+07 1.59149e+07 1.43251e+08 4.75697e+06 1.28744e+06 2.40312e+07 1
20220130 011947 1643523587 75 11.0277 25.0021 -352.42 0 0 22.5 22.5 240 3.18811e+07 1.58723e+07 1.4325e+08 4.7382e+06 1.24042e+06 2.39252e+07 1
20220130 012350 1643523830 76 11.0277 24.0765 -352.42 0 0 22.5 22.5 240 3.18919e+07 1.58786e+07 1.43248e+08 4.73904e+06 1.24905e+06 2.39414e+07 1
20220130 012753 1643524073 77 11.0277 23.1508 -352.42 0 0 22.5 22.5 240 3.194e+07 1.58906e+07 1.43248e+08 4.74986e+06 1.25676e+06 2.39822e+07 1
20220130 013155 1643524315 78 11.0277 22.2251 -352.42 0 0 22.5 22.5 240 3.18345e+07 1.58499e+07 1.43249e+08 4.72773e+06 1.26092e+06 2.38767e+07 1
20220130 013558 1643524558 79 11.0277 21.2994 -352.42 0 0 22.5 22.5 240 3.19315e+07 1.58927e+07 1.43247e+08 4.75006e+06 1.2726e+06 2.3995e+07 1
20220130 014001 1643524801 80 11.0277 20.3737 -352.42 0 0 22.5 22.5 240 3.18661e+07 1.58593e+07 1.43249e+08 4.73564e+06 1.27683e+06 2.39152e+07 1
20220130 014403 1643525043 81 11.0277 19.4481 -352.42 0 0 22.5 22.5 240 3.18565e+07 1.58546e+07 1.4325e+08 4.73209e+06 1.28351e+06 2.39054e+07 1
20220130 014812 1643525292 82 11.0277 25.0021 -353.42 0 0 45 45 240 3.19059e+07 1.58939e+07 1.43249e+08 4.75842e+06 789439 2.39918e+07 1
20220130 015215 1643525535 83 11.0277 24.5391 -353.42 0 0 45 45 240 3.18193e+07 1.58463e+07 1.43249e+08 4.73384e+06 802908 2.38863e+07 1
20220130 015617 1643525777 84 11.0277 24.0765 -353.42 0 0 45 45 240 3.18959e+07 1.58874e+07 1.43248e+08 4.75422e+06 819557 2.40022e+07 1
20220130 020019 1643526019 85 11.0277 23.6135 -353.42 0 0 45 45 240 3.18389e+07 1.5873e+07 1.43249e+08 4.74381e+06 835710 2.39512e+07 1
20220130 020422 1643526262 86 11.0277 23.1508 -353.42 0 0 45 45 240 3.18195e+07 1.58512e+07 1.43247e+08 4.73392e+06 848472 2.39072e+07 1
20220130 020824 1643526504 87 11.0277 22.6878 -353.42 0 0 45 45 240 3.19039e+07 1.58991e+07 1.43244e+08 4.75681e+06 865705 2.40025e+07 1
20220130 021227 1643526747 88 11.0277 22.2251 -353.42 0 0 45 45 240 3.1817e+07 1.58505e+07 1.43245e+08 4.73613e+06 877454 2.38967e+07 1
20220130 021629 1643526989 89 11.0277 21.7621 -353.42 0 0 45 45 240 3.18691e+07 1.58736e+07 1.43244e+08 4.74664e+06 892874 2.39632e+07 1
20220130 022031 1643527231 90 11.0277 21.2994 -353.42 0 0 45 45 240 3.18642e+07 1.5871e+07 1.43244e+08 4.74481e+06 907380 2.39425e+07 1
20220130 022434 1643527474 91 11.0277 20.8364 -353.42 0 0 45 45 240 3.18075e+07 1.58362e+07 1.43244e+08 4.72702e+06 919780 2.3861e+07 1
20220130 022836 1643527716 92 11.0277 20.3737 -353.42 0 0 45 45 240 3.19072e+07 1.58997e+07 1.43244e+08 4.76082e+06 937039 2.40158e+07 1
20220130 023239 1643527959 93 11.0277 19.9108 -353.42 0 0 45 45 240 3.18216e+07 1.58607e+07 1.43245e+08 4.74007e+06 949764 2.39085e+07 1
20220130 023641 1643528201 94 11.0277 19.4481 -353.42 0 0 45 45 240 3.1876e+07 1.58643e+07 1.43245e+08 4.74445e+06 963035 2.39411e+07 1
20220130 024045 1643528445 95 11.0277 25.0021 -352.42 0 0 45 45 240 3.18816e+07 1.58812e+07 1.43245e+08 4.75139e+06 789007 2.39613e+07 1
20220130 024448 1643528688 96 11.0277 24.0765 -352.42 0 0 45 45 240 3.17886e+07 1.58367e+07 1.43246e+08 4.72967e+06 817420 2.38549e+07 1
20220130 024851 1643528931 97 11.0277 23.1508 -352.42 0 0 45 45 240 3.19315e+07 1.58972e+07 1.43248e+08 4.76413e+06 850163 2.40378e+07 1
20220130 025253 1643529173 98 11.0277 22.2251 -352.42 0 0 45 45 240 3.18797e+07 1.5865e+07 1.43248e+08 4.74493e+06 879752 2.39414e+07 1
20220130 025656 1643529416 99 11.0277 21.2994 -352.42 0 0 45 45 240 3.1872e+07 1.58596e+07 1.43247e+08 4.74227e+06 907611 2.39335e+07 1
20220130 030059 1643529659 100 11.0277 20.3737 -352.42 0 0 45 45 240 3.18996e+07 1.58792e+07 1.43248e+08 4.75209e+06 934324 2.39735e+07 1
20220130 030501 1643529901 101 11.0277 19.4481 -352.42 0 0 45 45 240 3.17935e+07 1.58411e+07 1.4325e+08 4.72967e+06 959917 2.38678e+07 1