
20220512 174704 1652392024 1 -0.00 -45.00
20220512 175704 1652392624 2 -0.00 -39.23
20220512 180705 1652393225 3 -0.00 -33.21
20220512 181705 1652393825 4 -0.00 -26.57
20220512 182705 1652394425 5 -0.00 -22.79
20220512 183704 1652395024 6 -0.00 -18.43
20220512 184704 1652395624 7 -0.00 -12.88
20220512 185708 1652396228 8 -0.00 -0.00
20220512 190712 1652396832 9 -0.00 12.88
20220512 191713 1652397433 10 -0.00 18.43
20220512 192713 1652398033 11 -0.00 22.79
20220512 193713 1652398633 12 -0.00 26.57
20220512 194713 1652399233 13 -0.00 33.21
20220512 195714 1652399834 14 -0.00 39.23
20220512 200715 1652400435 15 -0.00 45.00
20220512 201813 1652401093 16 45.00 -45.00
20220512 202813 1652401693 17 45.00 -39.23
20220512 203814 1652402294 18 45.00 -33.21
20220512 204815 1652402895 19 45.00 -26.57
20220512 205814 1652403494 20 45.00 -22.79
20220512 210814 1652404094 21 45.00 -18.43
20220512 211815 1652404695 22 45.00 -12.88
20220512 212819 1652405299 23 45.00 -0.00
20220512 213823 1652405903 24 45.00 12.88
20220512 214823 1652406503 25 45.00 18.43
20220512 215823 1652407103 26 45.00 22.79
20220512 220822 1652407702 27 45.00 26.57
20220512 221823 1652408303 28 45.00 33.21
20220512 222824 1652408904 29 45.00 39.23
20220512 223824 1652409504 30 45.00 45.00
20220512 224922 1652410162 31 90.00 -45.00
20220512 225923 1652410763 32 90.00 -39.23
20220512 230923 1652411363 33 90.00 -33.21
20220512 231924 1652411964 34 90.00 -26.57
20220512 232924 1652412564 35 90.00 -22.79
20220512 233924 1652413164 36 90.00 -18.43
20220512 234924 1652413764 37 90.00 -12.88
20220512 235928 1652414368 38 90.00 -0.00
20220513 000932 1652414972 39 90.00 12.88
20220513 001932 1652415572 40 90.00 18.43
20220513 002931 1652416171 41 90.00 22.79
20220513 003931 1652416771 42 90.00 26.57
20220513 004932 1652417372 43 90.00 33.21
20220513 005932 1652417972 44 90.00 39.23
20220513 010933 1652418573 45 90.00 45.00